5	3	4	5	5	4	5	5	5	5	5
3	4	5	5	6	9	5	4	6	7	6
4	3	5	6	6	12	5	5	6	8	4
5	6	6	7	8	18	5	5	6	7	5
8	8	8	4	7	18	4	6	5	7	6
9	7	6	6	6	16	5	11	6	9	4
7	6	6	5	5	11	4	15	5	5	6
6	3	5	6	6	8	6	21	5	6	6
8	5	7	8	7	6	5	28	5	5	6
9	4	8	11	6	4	4	29	4	6	8
9	5	6	14	5	5	4	28	4	5	9
7	6	5	12	4	5	5	24	5	5	14
9	6	4	8	5	5	6	18	6	5	17
12	7	6	6	5	6	6	15	5	6	16
16	9	5	5	5	4	6	8	6	8	12
21	5	5	6	6	4	5	8	6	9	10
22	5	6	5	7	5	4	6	5	9	8
21	8	5	4	8	6	4	5	7	5	9
18	6	5	4	12	5	4	6	8	6	9
15	5	6	4	18	6	5	4	5	5	9
12	5	7	5	22	6	5	5	6	6	9
9	6	8	6	28	6	6	6	6	5	8
7	7	9	6	24	5	5	6	7	6	14
6	8	14	6	21	4	4	6	5	8	15
5	9	17	5	17	5	6	5	6	5	14
6	6	18	4	13	5	5	6	5	5	11
4	5	19	5	11	5	6	5	6	6	8
5	4	12	6	7	4	4	6	7	6	9
8	5	9	5	6	5	4	4	5	8	7
7	4	8	5	5	6	5	6	6	5	5
5	5	5	6	6	5	6	5	6	6	6
6	6	6	4	5	6	5	6	5	6	6