5	6	5	4	5	8	4	5	5	6	5
6	4	6	5	5	12	4	6	5	6	5
4	5	8	6	5	18	5	8	5	5	6
5	5	9	6	6	15	5	5	6	6	5
6	6	11	8	4	9	5	11	5	5	6
9	7	15	8	6	6	5	18	6	6	6
14	8	18	7	5	5	6	21	5	5	4
18	8	19	7	7	6	4	29	6	6	5
20	8	15	6	5	5	5	29	6	6	6
18	6	10	5	8	5	4	24	5	6	8
15	5	9	12	9	5	6	20	4	4	12
11	5	8	14	11	4	6	15	4	5	16
9	6	5	10	14	5	4	8	4	4	16
7	4	6	8	18	5	5	7	5	5	14
5	3	5	7	25	4	5	5	6	6	10
4	3	5	5	28	6	5	6	4	5	8
6	4	4	6	24	5	5	5	5	4	7
5	5	6	5	19	5	6	6	5	6	5
3	6	5	6	11	6	5	5	6	5	6
4	5	6	4	9	4	4	6	6	6	5
4	6	7	5	7	6	5	4	5	5	6
5	4	8	5	6	5	6	4	4	6	5
6	5	5	6	5	5	5	4	6	4	6
5	8	5	4	6	6	5	5	5	5	5
