125 121 117 113 109 105 101 97 93 89 85 81 77 73 66 62 60 57 55 51 48 46 43 38 36 32 29 25 22 21 19 19 19 21 22 25 29 32 36 38 43 46 48 51 55 57 60 62 66 73 77 81 85 89 93 97 101 105 109 113 117 121 125 128 
125 121 117 113 109 105 101 97 93 89 85 81 77 73 66 62 60 57 53 50 48 46 43 38 35 32 28 25 21 20 18 18 18 20 21 25 28 32 35 38 43 46 48 50 53 57 60 62 66 73 77 81 85 89 93 97 101 105 109 113 117 121 125 128 
124 120 117 113 109 105 104 97 93 89 85 81 77 73 66 62 60 57 53 50 48 45 43 38 35 30 27 24 21 19 18 17 18 19 21 24 27 30 35 38 43 45 48 50 53 57 60 62 66 73 77 81 85 89 93 97 104 105 109 113 117 120 124 127 
124 120 116 112 108 104 100 96 93 89 85 81 77 73 66 62 60 57 53 50 48 45 42 38 34 30 27 22 20 18 17 16 17 18 20 22 27 30 34 38 42 45 48 50 53 57 60 62 66 73 77 81 85 89 93 96 100 104 108 112 116 120 124 127 
124 120 116 112 108 104 100 96 92 88 84 80 76 72 66 61 60 57 53 50 48 45 42 38 32 30 26 22 19 17 16 15 16 17 19 22 26 30 32 38 42 45 48 50 53 57 60 61 66 72 76 80 84 88 92 96 100 104 108 112 116 120 124 127 
124 120 116 112 108 104 100 96 92 88 84 80 76 72 65 61 59 56 53 50 48 45 42 38 32 30 26 21 19 17 15 14 15 17 19 21 26 30 32 38 42 45 48 50 53 56 59 61 65 72 76 80 84 88 92 96 100 104 108 112 116 120 124 127 
124 120 116 112 108 104 100 96 92 88 84 80 76 72 65 61 59 56 52 49 47 44 40 38 32 30 25 21 18 16 14 13 14 16 18 21 25 30 32 38 40 44 47 49 52 56 59 61 65 72 76 80 84 88 92 96 100 104 108 112 116 120 124 127 
124 120 116 112 108 104 100 96 92 88 84 80 76 72 65 61 59 56 52 49 47 44 40 36 32 28 24 21 18 16 13 12 13 16 18 21 24 28 32 36 40 44 47 49 52 56 59 61 65 72 76 80 84 88 92 96 100 104 108 112 116 120 124 127 
124 120 116 112 108 104 100 96 92 88 84 80 76 72 65 61 59 56 52 49 47 44 40 36 32 28 24 20 18 15 12 10 12 15 18 20 24 28 32 36 40 44 47 49 52 56 59 61 65 72 76 80 84 88 92 96 100 104 108 112 116 120 124 127 
124 120 116 112 108 104 100 96 92 88 84 80 76 72 65 61 59 56 52 49 47 44 40 36 32 28 24 20 17 14 12 6 12 14 17 20 24 28 32 36 40 44 47 49 52 56 59 61 65 72 76 80 84 88 92 96 100 104 108 112 116 120 124 127 
124 120 116 112 108 104 100 96 92 88 84 80 76 72 65 61 59 56 52 49 47 44 40 36 32 28 24 20 17 14 10 3 10 14 17 20 24 28 32 36 40 44 47 49 52 56 59 61 65 72 76 80 84 88 92 96 100 104 108 112 116 120 124 127 
124 120 116 112 108 104 100 96 92 88 84 80 76 72 65 61 59 56 52 49 47 44 40 36 32 28 24 20 17 14 10 0 10 14 17 20 24 28 32 36 40 44 47 49 52 56 59 61 65 72 76 80 84 88 92 96 100 104 108 112 116 120 124 127 
124 120 116 112 108 104 100 96 92 88 84 80 76 72 65 61 59 56 52 49 47 44 40 36 32 28 24 20 17 14 10 3 10 14 17 20 24 28 32 36 40 44 47 49 52 56 59 61 65 72 76 80 84 88 92 96 100 104 108 112 116 120 124 127 
124 120 116 112 108 104 100 96 92 88 84 80 76 72 65 61 59 56 52 49 47 44 40 36 32 28 24 20 17 14 12 6 12 14 17 20 24 28 32 36 40 44 47 49 52 56 59 61 65 72 76 80 84 88 92 96 100 104 108 112 116 120 124 127 
124 120 116 112 108 104 100 96 92 88 84 80 76 72 65 61 59 56 52 49 47 44 40 36 32 28 24 20 18 15 12 10 12 15 18 20 24 28 32 36 40 44 47 49 52 56 59 61 65 72 76 80 84 88 92 96 100 104 108 112 116 120 124 127 
124 120 116 112 108 104 100 96 92 88 84 80 76 72 65 61 59 56 52 49 47 44 40 36 32 28 25 21 18 15 13 12 13 15 18 21 25 28 32 36 40 44 47 49 52 56 59 61 65 72 76 80 84 88 92 96 100 104 108 112 116 120 124 127 
124 120 116 112 108 104 100 96 92 88 84 80 76 72 65 61 59 56 52 49 47 44 40 38 32 30 26 21 18 16 14 13 14 16 18 21 26 30 32 38 40 44 47 49 52 56 59 61 65 72 76 80 84 88 92 96 100 104 108 112 116 120 124 127 
124 120 116 112 108 104 100 96 92 88 84 80 76 72 65 61 59 56 53 50 48 45 42 38 32 30 26 21 19 17 15 14 15 17 19 21 26 30 32 38 42 45 48 50 53 56 59 61 65 72 76 80 84 88 92 96 100 104 108 112 116 120 124 127 
124 120 116 112 108 104 100 96 92 88 84 80 76 72 66 61 60 57 53 50 48 45 42 38 32 30 27 22 19 17 16 5 16 17 19 22 27 30 32 38 42 45 48 50 53 57 60 61 66 72 76 80 84 88 92 96 100 104 108 112 116 120 124 127 
124 120 116 112 108 104 100 96 93 89 85 81 77 73 66 62 60 57 53 50 48 45 42 38 34 30 27 22 20 18 17 16 17 18 20 22 27 30 34 38 42 45 48 50 53 57 60 62 66 73 77 81 85 89 93 96 100 104 108 112 116 120 124 127 
124 120 117 113 109 105 101 97 93 89 85 81 77 73 66 62 60 57 53 50 48 45 43 38 35 30 28 24 21 19 18 17 18 19 21 24 28 30 35 38 43 45 48 50 53 57 60 62 66 73 77 81 85 89 93 97 101 105 109 113 117 120 124 127 
125 121 117 113 109 105 101 97 93 89 85 81 77 73 66 62 60 57 53 50 48 46 43 38 35 32 28 24 21 20 18 18 18 20 21 24 28 32 35 38 43 46 48 50 53 57 60 62 66 73 77 81 85 89 93 97 101 105 109 113 117 121 125 128 
125 121 117 113 109 105 101 97 93 89 85 81 77 73 66 62 60 57 55 51 48 46 43 38 36 32 29 24 22 21 19 19 19 21 22 24 29 32 36 38 43 46 48 51 55 57 60 62 66 73 77 81 85 89 93 97 101 105 109 113 117 121 125 128 
125 121 117 113 109 105 104 97 93 89 85 81 77 73 66 63 60 58 55 51 48 46 43 40 36 32 29 27 24 21 20 20 20 21 24 27 29 32 36 40 43 46 48 51 55 58 60 63 66 73 77 81 85 89 93 97 104 105 109 113 117 121 125 128 

 3.83999996185303E+0001
18.400  19.400  21.400  21.400  21.400  19.401  18.401  15.409  11.445  8.574  5.391  4.987  6.113  6.767  8.640  8.717  9.058  9.421  10.169  11.816  16.469  19.414  21.404  22.402  19.400  20.400  22.400  22.400  22.400  20.401  19.401  15.409  
19.400  20.400  22.400  22.400  22.400  20.401  19.401  15.409  12.435  8.670  6.387  5.453  6.113  7.694  8.640  9.664  9.069  9.176  10.169  11.917  16.486  18.427  20.405  21.402  19.400  21.400  22.400  23.400  22.400  21.400  19.401  16.407  
19.400  21.400  22.400  23.400  22.400  21.400  19.401  16.407  13.435  10.572  6.387  6.558  6.976  8.677  9.591  10.577  9.939  9.604  10.529  11.375  14.536  17.434  19.409  20.403  20.400  22.400  23.400  24.400  23.400  22.400  20.401  18.404  
20.400  22.400  23.400  24.400  23.400  22.400  20.401  18.404  13.455  10.572  7.384  6.558  7.963  9.622  10.536  11.541  10.834  10.382  9.944  11.375  14.570  17.434  18.417  20.403  21.400  23.400  24.400  25.400  24.400  23.400  21.401  18.404  
21.400  23.400  24.400  25.400  24.400  23.400  21.401  18.404  14.444  10.572  9.046  7.183  7.953  9.622  11.508  12.513  11.748  10.199  9.944  10.859  14.570  16.443  17.422  19.403  21.400  23.400  25.400  26.400  25.400  23.400  21.401  19.404  
21.400  23.400  25.400  26.400  25.400  23.400  21.401  19.404  14.444  10.572  9.196  7.183  8.845  10.577  12.486  13.490  12.583  11.048  10.530  10.859  11.815  14.468  17.422  18.404  22.400  24.400  26.400  27.400  26.400  24.400  22.401  19.406  
22.400  24.400  26.400  27.400  26.400  24.400  22.401  19.406  15.435  10.668  9.380  7.183  9.069  10.611  13.477  14.476  13.625  11.048  10.530  10.859  13.733  16.468  17.422  19.405  22.400  24.400  27.400  28.400  27.400  24.400  22.401  19.406  
22.400  24.400  27.400  28.400  27.400  24.400  22.401  19.406  16.428  12.571  9.380  8.546  9.076  11.569  14.461  16.448  14.580  12.046  10.530  11.858  13.733  17.454  18.417  20.404  22.400  25.400  28.400  30.400  28.400  25.400  22.401  20.404  
22.400  25.400  28.400  30.400  28.400  25.400  22.401  20.404  16.428  12.571  9.380  8.546  9.946  12.534  14.468  20.419  14.580  12.921  11.943  12.595  14.666  17.454  19.414  20.404  23.400  26.400  28.400  34.400  28.400  26.400  23.401  20.404  
23.400  26.400  28.400  34.400  28.400  26.400  23.401  20.404  16.428  12.571  9.380  8.546  9.946  12.534  16.443  23.411  16.514  13.045  11.943  12.595  16.570  18.443  20.411  21.403  23.400  26.400  30.400  37.400  30.400  26.400  23.401  20.404  
23.400  26.400  30.400  37.400  30.400  26.400  23.401  20.404  16.428  12.571  9.380  8.546  9.946  12.534  16.443  26.406  16.514  13.379  11.943  13.375  16.570  19.434  21.409  22.403  23.400  26.400  30.400  40.400  30.400  26.400  23.401  20.404  
23.400  26.400  30.400  40.400  30.400  26.400  23.401  20.404  16.428  12.572  9.382  8.546  9.946  12.534  16.443  23.411  16.514  13.379  11.943  13.375  17.535  19.434  21.409  23.402  23.400  26.400  30.400  37.400  30.400  26.400  23.401  20.404  
23.400  26.400  30.400  37.400  30.400  26.400  23.401  20.404  16.428  12.572  9.382  8.551  9.953  12.541  14.477  20.433  14.580  13.379  11.943  14.192  17.535  20.427  22.407  24.402  23.400  26.400  28.400  34.400  28.400  26.400  23.401  20.404  
23.400  26.400  28.400  34.400  28.400  26.400  23.401  20.404  16.428  12.572  9.382  8.551  9.086  11.577  14.477  16.482  14.676  12.600  12.528  15.040  17.535  20.427  22.407  25.401  22.400  25.400  28.400  30.400  28.400  25.400  22.401  20.404  
22.400  25.400  28.400  30.400  28.400  25.400  22.401  20.404  16.428  12.572  9.199  7.969  9.086  11.577  13.497  14.529  13.745  12.600  12.528  14.916  18.486  20.427  23.405  26.401  22.400  25.400  27.400  28.400  27.400  25.400  22.401  19.404  
22.400  25.400  27.400  28.400  27.400  25.400  22.401  19.404  15.435  12.510  9.048  7.969  9.086  10.622  12.522  13.562  12.830  11.863  12.528  14.916  18.469  21.414  24.404  26.401  22.400  24.400  26.400  27.400  26.400  24.400  22.401  19.404  
22.400  24.400  26.400  27.400  26.400  24.400  22.401  19.404  14.444  10.573  9.048  7.201  8.247  9.677  11.553  12.603  11.934  11.173  12.168  14.916  18.469  21.414  24.404  28.400  21.400  23.400  25.400  26.400  25.400  23.400  21.401  19.404  
21.400  23.400  25.400  26.400  25.400  23.400  21.401  19.404  14.444  10.573  8.925  6.566  7.976  9.635  10.574  21.425  11.058  11.173  12.168  14.815  18.455  21.414  24.404  28.400  21.400  23.400  24.400  35.400  24.400  23.400  21.401  18.404  
21.400  23.400  24.400  35.400  24.400  23.400  21.401  18.404  13.435  10.573  8.925  6.566  7.113  8.694  9.618  10.706  10.213  10.533  11.859  14.815  18.455  21.414  24.403  28.400  20.400  22.400  23.400  24.400  23.400  22.400  20.401  18.404  
20.400  22.400  23.400  24.400  23.400  22.400  20.401  18.404  13.428  10.573  7.054  5.465  6.280  7.767  8.673  9.782  9.401  9.949  11.597  14.667  18.443  21.414  24.402  26.401  19.400  21.400  22.400  23.400  22.400  21.400  19.401  16.407  
19.400  21.400  22.400  23.400  22.400  21.400  19.401  16.407  12.436  10.511  6.208  5.465  6.132  6.857  8.673  8.876  9.401  9.421  11.597  14.667  18.443  20.411  23.403  26.401  19.400  20.400  22.400  22.400  22.400  20.400  19.401  16.407  
19.400  20.400  22.400  22.400  22.400  20.400  19.401  16.407  12.429  8.575  6.058  5.465  5.303  5.889  7.741  7.991  8.626  8.951  11.377  13.733  17.443  20.411  23.402  25.401  18.400  19.400  21.400  21.400  21.400  19.401  18.401  16.405  
18.400  19.400  21.400  21.400  21.400  19.401  18.401  16.405  11.436  8.575  5.213  4.236  3.756  5.889  6.825  7.113  7.401  8.951  9.379  12.614  17.443  20.411  22.403  24.401  16.400  19.400  20.400  20.400  20.400  19.401  16.402  13.414  
16.400  19.400  20.400  20.400  20.400  19.401  16.402  13.414  11.436  8.575  5.213  3.999  5.280  5.857  7.700  7.795  8.213  8.949  9.860  12.733  17.443  19.414  21.403  23.401  24.400  23.400  21.400  19.400  17.400  12.400  8.400  6.400  
